"x"	"y"	"Especie"	"Defoliacion"	"Area_basimetrica"	"Altura_media"	"Densidad_pinos"	"Elevacion"	"Pendiente"	"Orientacion"	"Insolacion"	"Potencial_hidrico"
543725.536725	4124164.33399	"Pinus nigra"	55	25.781	5.2	286	1807.31005859375	17.7273235321045	220.209991455078	8526.291015625	6.69703578948975
543485.804676	4124224.11034	"Pinus nigra"	55	28.125	6.5	286	1820.73999023438	16.5012226104736	188.957443237305	8560.267578125	5.0056676864624
542902.670471	4122417.17647	"Pinus nigra"	30	24.219	6.4	1592	1876.91003417969	18.1668014526367	248.831039428711	8480.10546875	3.08282971382141
535210.756991	4118071.41449	"Pinus nigra"	55	22	8	923	1909.083984375	12.1223821640015	174.673645019531	8679.6162109375	6.657630443573
539085.906033	4121908.22444	"Pinus nigra"	30	18	8.2	1974	1687.91003417969	14.8265781402588	98.3905487060547	8481.462890625	7.8012900352478
542106.345497	4123275.18392	"Pinus nigra"	55	19.531	4	223	1803.56005859375	24.1441574096680	201.650268554688	8311.337890625	7.79657697677612
539924.248989	4123934.64482	"Pinus nigra"	55	20.313	6.8	103	1679.41003417969	12.8004465103149	72.3966598510742	8556.8564453125	5.7571873664856
539610.72178	4124605.47761	"Pinus sylvestris"	60	22.656	7	1293	1623.56701660156	14.1194133758545	50.104850769043	8501.2021484375	6.58126449584961
536996.52427	4117990.3062	"Pinus nigra"	45	15.5	5.5	1401	1816.81103515625	12.2647972106934	305.880462646484	8672.037109375	7.39473533630371
538478.61355	4118153.36676	"Pinus nigra"	55	27	3.8	1496	1736.39196777344	13.8852176666260	265.879425048828	8587.9892578125	6.13309001922607
540465.707365	4122164.36337	"Pinus nigra"	45	21	6.8	547	1845.55004882812	16.6482658386230	88.155143737793	8437.5283203125	6.39189958572388
541973.455154	4123959.04011	"Pinus nigra"	60	19	7.5	1243	1800.61999511719	8.90091800689697	125.580375671387	8703.7509765625	3.45892548561096
540944.171178	4123724.31613	"Pinus nigra"	60	18.75	4.5	447	1732.23999023438	11.7911109924316	178.043777465820	8652.8818359375	6.41702651977539
539561.889251	4121411.20583	"Pinus nigra"	65	25	5.6	398	1733.2099609375	25.8141994476318	115.286735534668	7894.7685546875	4.9540228843689
535086.773304	4122912.38998	"Pinus nigra"	30	24	6.3	573	1748.89294433594	19.3802585601807	73.9232025146484	8283.474609375	7.86186170578003
536115.999025	4122805.79932	"Pinus nigra"	45	19	5.2	987	1781.7099609375	20.1283550262451	359.648162841797	8420.08203125	6.03276252746582
534739.904207	4119279.83107	"Pinus sylvestris"	70	24	9	1528	1911.43701171875	12.2227439880371	30.9590492248535	8648.5830078125	6.3099274635315
537040.423579	4121125.71305	"Pinus sylvestris"	65	24	7.6	796	1750.373046875	25.8987522125244	130.215362548828	7909.0791015625	6.1816349029541
540690.268555	4122131.0534	"Pinus sylvestris"	65	29.688	4.6	1293	1836.85998535156	15.4108505249023	53.2959785461426	8495.09765625	7.00183820724487
541237.56258	4121760.94823	"Pinus sylvestris"	65	31.25	6	1401	1850.82995605469	12.1229553222656	18.5615978240967	8653.12109375	6.56826686859131
541895.679705	4121768.63488	"Pinus sylvestris"	50	21	6.1	1496	1823.2900390625	15.3568143844604	64.9859161376953	8491.24609375	5.65919876098633
536374.299614	4119879.15289	"Pinus sylvestris"	60	26	8	1144	1846.44702148438	16.2235355377197	315.132568359375	8579.39453125	6.43241500854492
538498.969623	4122048.63638	"Pinus sylvestris"	55	10.5	6.7	945	1712.0400390625	17.2009029388428	85.5299453735352	8382.751953125	6.45870876312256
536486.967659	4118650.4067	"Pinus sylvestris"	65	28	7.2	1082	1945.77099609375	6.7981948852539	216.644165039062	8807.529296875	8.59839630126953
536086.780092	4119688.20673	"Pinus sylvestris"	65	34	6.5	955	1879.24304199219	11.6981039047241	324.509338378906	8705.2529296875	6.92792463302612
534579.570147	4122243.53118	"Pinus sylvestris"	90	10	4.2	1178	1815.17004394531	19.6019020080566	178.511886596680	8440.69140625	5.94878387451172
535104.095223	4122799.30131	"Pinus sylvestris"	75	20	4.5	573	1794.93603515625	22.6981906890869	85.7756805419922	8104.9033203125	6.36936807632446
534671.167211	4122615.56303	"Pinus sylvestris"	80	22	4.5	1210	1794.92602539062	18.0753021240234	161.580474853516	8442.1240234375	5.82114601135254
535815.016706	4122883.28268	"Pinus sylvestris"	65	27	5	1496	1824.958984375	9.77461528778076	46.8871536254883	8689.0537109375	9.27978229522705
535359.078573	4121001.99994	"Pinus sylvestris"	60	12	4.8	414	1824.74194335938	16.3502063751221	326.24365234375	8577.69921875	7.37027406692505
536512.971328	4121659.26031	"Pinus sylvestris"	55	28	5	764	1737.28002929688	28.7780151367188	73.4817581176758	7681.13671875	6.27981996536255
536457.327043	4120579.55427	"Pinus sylvestris"	50	28	9	995	1804.91198730469	15.3575744628906	89.5231475830078	8485.5302734375	7.03359413146973
536820.238256	4119952.09203	"Pinus sylvestris"	60	29	8	1082	1817.95300292969	18.0949840545654	142.494903564453	8393.8701171875	7.11973714828491
541948.807416	4121253.01483	"Pinus sylvestris"	45	26	6.5	1843	1887.88000488281	16.3367424011230	49.4964714050293	8469.103515625	6.81576347351074
542868.306965	4122024.26243	"Pinus sylvestris"	30	30	4.8	428	1846.11999511719	11.4165019989014	151.896469116211	8660.7919921875	6.53631258010864
542674.59566	4121568.41155	"Pinus sylvestris"	65	35	6.5	1094	1881.23999023438	13.0298748016357	135.744262695312	8601.916015625	5.47003841400146
534640.558639	4120136.99947	"Pinus sylvestris"	75	20	8	1751	1917.46594238281	3.81108069419861	349.805145263672	8830.505859375	8.97943210601807
534141.598744	4120010.70931	"Pinus nigra"	30	26	7.8	796	1928.23999023438	0.425798654556274	196.619247436523	8848.234375	8.25784969329834
536966.276818	4120233.41418	"Pinus nigra"	30	25	7.6	1082	1809.77197265625	18.6752490997314	135.314956665039	8350.1435546875	7.42639493942261
536641.535774	4120447.22306	"Pinus nigra"	45	30	6.2	995	1801.74304199219	11.7564268112183	1.15614521503448	8669.6494140625	6.94196319580078
536402.845538	4121075.22891	"Pinus nigra"	50	34	5.2	1846	1783.11499023438	16.2629413604736	337.752044677734	8570.4580078125	8.18255138397217
538671.470422	4121955.12572	"Pinus nigra"	50	19	7.8	945	1711.81005859375	15.5864400863647	52.9039421081543	8460.5634765625	7.43062353134155
536321.566675	4122438.35554	"Pinus nigra"	45	26	7	987	1773.7509765625	8.95224285125732	18.371768951416	8713.642578125	8.92674160003662
536086.599902	4121801.64748	"Pinus nigra"	50	17	5.2	127	1760.53198242188	14.7192087173462	255.319717407227	8574.9228515625	6.61626482009888
536577.315436	4121344.46414	"Pinus nigra"	60	30	4.2	1846	1779.36401367188	12.2091426849365	341.895721435547	8671.767578125	5.87516593933105
534142.395487	4121784.66787	"Pinus sylvestris"	80	17	4	382	1803.18994140625	21.3362503051758	162.666839599609	8312.8466796875	5.86150503158569
535080.915951	4118992.7955	"Pinus sylvestris"	70	30	8.5	1432	1909.75402832031	5.60676431655884	322.2421875	8812.431640625	7.23993396759033
535399.903611	4118673.50814	"Pinus sylvestris"	55	34	8	1146	1922.87805175781	2.09136199951172	199.602447509766	8843.01953125	7.29730987548828
536205.234562	4122265.89434	"Pinus sylvestris"	45	22	4.5	828	1817.751953125	11.1684494018555	39.4403266906738	8651.1748046875	7.07366991043091
534906.225405	4121538.17912	"Pinus sylvestris"	75	30	4.5	1528	1890.64001464844	10.8925199508667	229.636871337891	8723.90625	5.97409963607788
537633.999306	4121294.75707	"Pinus sylvestris"	40	31	8	446	1786.30004882812	25.3126468658447	151.524856567383	8056.7470703125	7.0150728225708
534809.321821	4118798.63202	"Pinus sylvestris"	70	27	8.2	1496	1935.32702636719	8.3516960144043	357.965270996094	8774.50390625	5.94091176986694
537122.80884	4120949.67787	"Pinus sylvestris"	75	23	6	159	1811.01000976562	11.9906454086304	154.518020629883	8640.0771484375	6.465247631073
543057	4125970	"Pinus nigra"	25	35	6	446	1644.31005859375	18.9412174224854	147.403686523438	8327.2861328125	3.91549158096313
542208	4127020	"Pinus nigra"	15	29	5.5	446	1595.07995605469	25.3100128173828	121.202430725098	7899.05517578125	5.61070394515991
542634	4129050	"Pinus nigra"	55	34	5	446	1452.94995117188	11.6326560974121	236.040328979492	8611.2626953125	5.2996883392334
544961	4124930	"Pinus nigra"	30	40	5	446	1688.43994140625	7.20297765731812	331.914855957031	8746.38671875	5.74652576446533
543937	4124890	"Pinus nigra"	25	26	5	446	1745.98999023438	16.8929672241211	122.015419006348	8407.3154296875	4.52752923965454
544162	4125020	"Pinus nigra"	25	37	5.5	446	1729.91003417969	17.4276504516602	140.688522338867	8400.3759765625	4.85626840591431
539027.306605	4119905.93403	"Pinus nigra"	20	NA	NA	127	2117.2919921875	0.381550759077072	309.533264160156	8889.794921875	6.74549341201782
539158.345481	4119537.08386	"Pinus nigra"	20	NA	NA	923	2107.35498046875	3.04910206794739	229.512283325195	8879.7568359375	7.8616909980774
538546.830726	4122385.96609	"Pinus nigra"	20	NA	NA	828	1569.52001953125	17.5640125274658	92.3901443481445	8333.94140625	8.0210771560669
542500.730083	4126445.6209	"Pinus nigra"	20	NA	NA	605	1607.73999023438	9.00935935974121	23.0681190490723	8671.2998046875	6.90284013748169
543110.823751	4126350.95119	"Pinus nigra"	20	NA	NA	796	1568.93005371094	16.3688297271729	117.197212219238	8390.5556640625	5.91152191162109
543005.635188	4125993.31008	"Pinus nigra"	20	NA	NA	1273	1620.36999511719	26.8396339416504	142.932067871094	7874.76416015625	4.76763677597046
537937.985602	4119574.41804	"Pinus sylvestris"	20	NA	NA	1146	2023.29699707031	12.8754043579102	165.501693725586	8673.306640625	5.77890682220459
536279.929132	4121520.33154	"Pinus sylvestris"	20	NA	NA	1846	1732.60998535156	27.5661945343018	85.4955596923828	7768.17529296875	6.22062110900879
538951.242334	4119655.01801	"Pinus sylvestris"	20	NA	NA	1050	2103.81494140625	2.0663423538208	206.894485473633	8882.953125	9.78750324249268
539974.182128	4120586.60107	"Pinus sylvestris"	20	NA	NA	668	2037.33996582031	17.4965362548828	91.4772720336914	8440.353515625	4.31466102600098
539530.605649	4120443.29175	"Pinus sylvestris"	20	NA	NA	1243	2045.55603027344	15.6474494934082	85.640983581543	8526.1015625	6.08407068252563
539338.389175	4120886.86823	"Pinus sylvestris"	20	NA	NA	796	1892.82495117188	17.0737571716309	106.061874389648	8429.5556640625	7.1361083984375
543313.137728	4118870.93319	"Pinus sylvestris"	20	NA	NA	1243	1943.65002441406	7.68175840377808	77.1474380493164	8762.8662109375	5.51437330245972
544461.634321	4118620.20506	"Pinus sylvestris"	20	NA	NA	286	1922.5400390625	16.3798427581787	82.6207580566406	8467.7451171875	6.43172597885132
544251.346212	4120957.63827	"Pinus sylvestris"	20	NA	NA	945	1798.36999511719	12.7281627655029	21.8655929565430	8619.849609375	6.05000877380371
542957.265544	4120100.30982	"Pinus sylvestris"	20	NA	NA	1401	1965.90002441406	10.3076810836792	5.60005235671997	8737.35546875	7.6364893913269
539424.829719	4120535.41917	"Pinus sylvestris"	20	NA	NA	1243	2014.6240234375	20.7494945526123	100.655235290527	8267.111328125	6.06173372268677
